mae_lr: 0.020026055571230706
rmse_lr: 0.02477228331999569
mae_rf: 0.015808624125534222
rmse_rf: 0.02076518020261922
mae_lr_wo_cycle: 0.02956644571166563
mae_rf_wo_cycle: 0.0214515419504032
mae_lr_zone_high: 0.027545435512089128
mae_lr_zone_mid: 0.014306347657441095
mae_lr_zone_low: 0.018481124146965303
